07326
07327
07328
07329
07330
07331
07332
07333
07334
19848
19849
19922
07282
07283
07284
07285
07286
07287
07288
07289
19912
07290
07291
07292
07293
19918
19919
07116
07117
07118
07119
07121
07122
07124
07125
07126
07127
07128
07129
07130
07131
07132
07133
07135
07136
07137
07138
07139
07140
07141
07142
07143
07144
07145
07146
07147
07148
07149
07150
07151
07153
07154
07155
07156
07157
07158
07159
07160
07161
07162
07163
07164
07165
07166
07167
07168
07169
07170
07171
07172
07174
07175
07177
07178
07179
07180
07181
07182
07183
07184
07185
07186
07187
07188
07189
07190
07191
07192
07193
07195
07196
07197
07198
07199
07200
07201
07202
07203
07204
07205
07206
07207
07208
07209
07210
07211
07212
07213
07214
07215
07216
07217
07218
07219
07220
07221
07222
07223
07224
07225
07226
07227
07228
07229
07230
07231
